1000,4,9,2,24,S,0,78.25,1,0,0,0
1001,4,9,2,24,S,0,27.5,0,0,1,0
1002,4,9,2,24,S,0,20.75,0,0,0,1
1003,4,9,2,24,S,0,28.75,0,1,0,0
1004,4,9,2,24,U,0,9.0
1005,4,9,2,24,U,0,63.5
1006,4,9,2,24,S,0,27.75,1,0,0,1
1007,4,9,2,24,S,0,23.75,0,0,0,0
1008,4,9,2,24,S,0,16.75,0,0,0,1
1009,4,9,2,24,S,0,22.75,0,1,0,0
1010,8,18,2,51,S,0,47.25,1,0,0,0,0,0,0,1
1011,8,18,2,51,S,0,41.75,0,1,0,1,0,1,1,0
1012,8,18,2,51,S,0,49.75,0,1,1,0,1,0,1,1
1013,8,18,2,51,U,0,467.25
1014,8,18,2,51,U,0,914.0
1015,8,18,2,51,U,0,947.5
1016,8,18,2,51,S,0,50.25,0,0,0,0,0,1,0,0
1017,8,18,2,51,S,0,366.0,1,0,1,0,0,1,1,0
1018,8,18,2,51,S,0,50.0,0,0,1,0,0,0,0,0
1019,8,18,2,51,U,0,490.25
1020,12,20,2,57,U,0,11461.0
1021,12,20,2,57,S,0,86.5,0,0,0,0,0,1,0,1,0,1,1,0
1022,12,20,2,57,S,0,7343.5,1,0,1,0,0,0,0,0,0,0,1,1
1023,12,20,2,57,S,0,77.75,0,0,0,0,0,1,1,1,0,1,0,1
1024,12,20,2,57,S,0,1966.25,1,0,0,0,1,1,0,1,1,1,0,1
1025,12,20,2,57,S,0,310.0,0,0,1,0,0,0,1,0,0,1,1,1
1026,12,20,2,57,U,0,2772.0
1027,12,20,2,57,S,0,4163.5,1,1,1,0,0,1,1,0,1,0,0,0
1028,12,20,2,57,U,0,1659.25
1029,12,20,2,57,U,0,2947.0
1030,16,30,2,87,S,0,110.0,0,1,0,0,1,0,0,1,0,1,0,1,1,0,1,1
1031,16,30,2,87,U,0,6744.75
1032,16,30,2,87,S,0,133.75,0,1,1,0,0,0,0,0,0,0,1,0,1,0,0,1
1033,16,30,2,87,S,0,24634.75,1,0,1,0,0,1,0,0,0,1,1,0,0,0,0,0
1034,16,30,2,87,U,0,80631.5
1035,16,30,2,87,S,0,3004.0,0,0,0,0,1,1,0,1,0,1,1,1,1,0,0,0
1036,16,30,2,87,U,0,53870.25
1037,16,30,2,87,S,0,1003.5,0,0,0,0,0,1,0,0,1,0,0,1,1,0,1,0
1038,16,30,2,87,U,0,12070.0
1039,16,30,2,87,S,0,106.0,0,0,0,1,0,0,1,1,0,0,0,0,0,0,0,1
1040,18,32,2,93,U,0,8338.25
1041,18,32,2,93,U,0,313943.75
1042,18,32,2,93,U,0,20145.75
1043,18,32,2,93,S,0,116.5,0,0,0,1,0,0,0,0,1,0,0,0,1,1,0,0,1,1
1044,18,32,2,93,U,0,155662.5
1045,18,32,2,93,S,0,48459.5,0,1,1,0,1,1,0,1,0,1,1,0,0,0,1,1,0,0
1046,18,32,2,93,S,0,137.75,1,0,1,0,0,1,0,0,1,0,0,0,0,0,0,0,0,1
1047,18,32,2,93,U,0,105235.5
1048,18,32,2,93,S,0,8152.25,1,1,0,1,0,1,1,0,1,0,1,0,0,0,0,0,0,0
1049,18,32,2,93,U,0,49518.25
1050,20,33,2,96,U,0,428.0
1051,20,33,2,96,S,0,149.25,0,0,1,1,0,0,1,0,1,1,0,1,0,0,0,1,0,1,1,0
1052,20,33,2,96,S,0,149073.5,0,1,0,0,0,1,0,0,0,1,0,0,1,1,0,1,0,0,1,1
1053,20,33,2,96,S,0,32976.5,0,0,0,0,0,1,0,0,0,0,0,0,1,0,1,0,1,0,1,1
1054,20,33,2,96,U,0,71898.25
1055,20,33,2,96,U,0,356575.25
1056,20,33,2,96,U,0,831194.0
1057,20,33,2,96,S,0,186.0,0,0,1,0,0,0,0,0,0,1,0,1,0,1,1,1,1,0,1,0
1058,20,33,2,96,U,0,504175.75
1059,20,33,2,96,U,0,353403.75
1060,22,38,2,111,S,0,247.25,0,1,0,0,1,0,0,0,0,0,0,0,0,1,0,0,0,0,0,0,0,0
1061,22,38,2,111,S,0,552130.75,1,1,0,0,0,1,0,0,0,0,0,0,1,0,0,1,1,1,0,1,0,1
1062,22,38,2,111,U,0,568141.0
1063,22,38,2,111,S,0,236.25,0,0,0,0,0,0,0,0,1,1,1,1,0,1,1,0,1,0,1,0,1,1
1064,22,38,2,111,S,0,170215.75,0,1,0,1,0,0,1,0,1,1,0,1,0,0,0,1,0,0,0,1,0,1
1065,22,38,2,111,S,0,172.25,0,0,0,0,1,0,0,0,0,0,0,0,1,1,1,0,0,0,0,1,0,0
1066,22,38,2,111,S,0,24843.75,0,1,0,0,1,1,1,0,0,1,0,0,1,0,1,1,0,0,1,1,1,0
1067,22,38,2,111,U,0,1768962.75
1068,22,38,2,111,S,0,696424.0,0,1,1,1,0,1,0,1,1,1,0,1,0,1,0,0,1,0,0,1,1,0
1069,22,38,2,111,U,0,4521014.75
1070,24,43,2,126,U,0,14010722.5
1071,24,43,2,126,S,0,2293957.75,0,0,1,1,0,1,0,1,0,0,0,0,0,1,1,0,0,0,0,0,0,0,0,0
1072,24,43,2,126,S,0,836.0,0,0,0,0,0,0,1,0,0,0,1,0,0,0,1,1,0,0,1,0,1,0,0,0
1073,24,43,2,126,U,0,4234763.75
1074,24,43,2,126,U,0,556.75
1075,24,43,2,126,S,0,13505.5,0,0,1,0,0,0,0,0,0,0,0,1,1,0,1,1,1,0,0,0,0,0,1,0
1076,24,43,2,126,S,0,3954089.5,0,1,1,0,1,0,0,0,1,0,0,0,1,1,1,0,0,0,0,0,0,0,0,0
1077,24,43,2,126,U,0,330441.5
1078,24,43,2,126,S,0,1251292.25,1,1,0,0,0,0,0,1,1,0,0,0,1,0,1,0,0,1,0,1,1,0,0,1
1079,24,43,2,126,S,0,958711.25,0,1,1,1,0,0,0,0,0,1,0,0,0,0,1,1,0,1,0,0,0,1,1,0
1080,26,45,2,132,S,0,1690945.5,0,1,0,0,0,0,0,1,1,1,0,0,1,1,0,1,1,0,1,0,1,1,0,1,0,1
1081,26,45,2,132,S,0,42710850.25,1,1,0,1,1,0,1,0,1,0,0,0,1,1,1,1,0,0,0,0,0,0,0,0,0,0
1082,26,45,2,132,U,0,106722965.0
1083,26,45,2,132,S,0,2054134.75,1,0,0,0,0,0,0,0,0,1,1,0,1,1,0,1,0,0,0,0,1,1,0,1,0,0
1084,26,45,2,132,U,0,28940841.5
1085,26,45,2,132,U,0,5955446.0
1086,26,45,2,132,S,0,52644347.5,1,0,0,0,1,0,1,1,0,0,1,1,0,1,1,0,0,1,0,0,0,1,0,1,1,1
1087,26,45,2,132,S,0,10774682.75,1,0,0,0,0,0,0,1,0,0,0,0,1,1,1,1,1,0,0,0,0,0,1,0,0,1
1088,26,45,2,132,U,0,29996841.0
1089,26,45,2,132,S,0,175909.5,0,0,0,0,0,0,0,0,0,0,1,0,0,1,0,1,0,0,0,0,0,0,1,0,0,1
1090,28,47,2,138,U,0,166897170.0
1091,28,47,2,138,S,0,214.5,0,0,0,0,0,0,1,0,0,0,0,0,1,1,1,0,0,0,0,1,0,0,0,1,1,1,1,1
1092,28,47,2,138,U,0,25299402.25
1093,28,47,2,138,U,0,11098286.75
1094,28,47,2,138,U,0,64938560.0
1095,28,47,2,138,S,0,3646980.5,0,0,0,0,1,0,0,0,0,0,0,0,1,1,0,0,1,0,0,1,0,0,0,1,0,0,1,0
1096,28,47,2,138,S,0,247.25,0,0,0,0,1,0,1,0,0,0,0,0,0,0,0,0,0,0,0,0,1,0,1,0,0,0,1,0
1097,28,47,2,138,S,0,41190509.25,1,0,0,0,0,1,0,0,0,0,1,0,1,1,0,1,1,1,1,0,1,1,0,0,0,0,1,0
1098,28,47,2,138,U,0,83335236.25
1099,28,47,2,138,S,0,3369209.5,0,0,1,0,1,1,1,0,0,0,0,0,0,1,0,1,0,0,0,0,1,0,1,0,0,0,0,0
2SAT,drew,100,58,42,0,unknown
